[(0, 0), (0.41739726888169626, 0.08124282529424542), (1.491375125150149, 1.5180853488899513), (1.9077446654869488, 2.080789894703935), (4.75, 4.75)]

[(0, 0), (0.2532893701895814, 0.6525676171470395), (-0.03570088888465561, 1.2901290888187562), (-0.16347008672952915, 1.9783696224129914), (0.5025048336138807, 2.1939558127721814), (1.1977106001076274, 2.2757417665407966), (1.5441523446092766, 2.261465740648813), (1.881041742922788, 2.5689245333368707), (4.75, 4.75)]

[(0, 0), (-0.18022160330831183, 0.6764023755879198), (-0.2531623851783027, 0.7483930196385722), (0.08177106792555722, 1.6611552101954081), (0.0726591056691892, 2.0307769928197974), (1.1304716152830818, 2.9491672623723435), (1.7790598617472357, 3.2124794089751045), (4.75, 4.75)]

[(0, 0), (0.1376556721079738, 0.6863314912901067), (0.8192611963769726, 0.5269140854462554), (1.4453836602886172, 0.8399167374880728), (2.128653697703091, 0.9920418700981156), (2.0342234348842076, 1.0892886445208125), (3.0436204513280707, 2.1712160134077974), (4.75, 4.75)]

[(0, 0), (0.5941807404855832, 0.370066544875383), (1.0994338993598611, 0.8545448678657553), (1.6703793514353622, 1.2595402885241893), (2.345218945874671, 1.445528249900697), (3.0380334324413325, 1.5455686777455093), (4.75, 4.75)]

[(0, 0), (0.6996888348380836, -0.02086946101183949), (0.8485678690035345, 0.0593321068822128), (2.570748691297248, 0.805805007755074), (3.0461614722742127, 1.3195974636005723), (4.75, 4.75)]

[(0, 0), (0.06655535036955187, 0.6968288063342288), (-0.10698845273738833, 0.7560560119664572), (0.2773471186871279, 1.7499215064317655), (0.9757680321081559, 3.3411866369186707), (1.674877324659101, 3.376488153442992), (4.75, 4.75)]

[(0, 0), (0.25013664710712197, 0.6537825768357605), (0.0657995416295698, 1.160484033708379), (0.255200930080294, 1.4388563621008328), (0.7022821186658876, 3.2204127538396055), (1.4004449999740616, 3.271094024181501), (4.75, 4.75)]

[(0, 0), (0.5092782070259821, 0.48024546624450376), (0.6531112650059476, 1.1653090044890464), (1.1751056772913437, 1.63170136457101), (1.0371712765712224, 2.3179768931293148), (1.1032790946332391, 3.0148482990508656), (1.6858134786853605, 3.4029896282043266), (4.75, 4.75)]


[(0, 0), (0.6667548633853745, -0.21316179805948013), (1.3333762258673927, 0.0004171313381022834), (1.5402560850059375, 0.669147812466773), (1.5667850293639152, 2.446218362722905), (4.75, 4.75)]
